((("getcwd" .
   [0 0 0 0 0 1])
  ("sample" .
   [1 0 0 0 0 0])
  ("pardir" .
   [1 0 0 0 0 0])
  ("append" .
   [0 0 0 1 0 0])
  ("path" .
   [1 0 0 0])
  ("assertEqual" .
   [1 0 0 0 0 0 0 0 0 0 0])
  ("TestCase" .
   [1 0 0 0 0 0 0 0])
  ("TestCalc" .
   [0 0 1 0 0 0 0 0])
  ("unittest" .
   [0 0 0 0 0 1 0 1])
  ("numpy" .
   [0 0 0 1 1])
  ("npmat" .
   [0 0 1 0 0])
  ("__name__" .
   [0 0 0 0 0 1 1 1])
  ("func" .
   [1 0 0 0])
  ("matplotlib" .
   [0 0 0 0 0 0 0 0 0 1])
  ("pyplot" .
   [0 0 0 0 0 1])
  ("np" .
   [2 0])
  ("xrange" .
   [0 1 0 0 0 0])
  ("a" .
   [4])
  ("as" .
   [5 0])
  ("array" .
   [0 0 0 0 1])
  ("sklearn" .
   [0 0 0 0 0 1 0])
  ("svm" .
   [0 0 1])
  ("SVC" .
   [0 0 1])
  ("i" .
   [1])
  ("j" .
   [1])))
